05559644622 175
05305488204 365
05488204665 368
05392171762 560
05079227968 681
05321712268 956
05494588586 1462
05068203496 2092
05370614680 2881
05414665925 3121
05329281918 3329
05389945613 4235
05419341447 4952
05526904965 5813
05450580685 6686
05431547069 6858
05497374256 7016
05349896502 7932
05371829412 8078
05355984917 8505
05452556405 9048
05076431006 9575
05070270562 9675
05427462865 9721
05592401902 9837
05366656416 10159
05460742958 10748
05470214828 11716
05074027255 11776
05498159680 12110
05365202760 12315
05346037263 12347
05414361314 12907
05469557030 14817
05449953997 15264
05489857235 15543
05423939052 15625
05496797310 15751
05456039038 15941
05511995818 16137
05302346267 16184
05599500183 16259
05545988013 16575
05482395571 16962
05436777432 17496
05387688714 17968
05458860564 18100
05485580445 18563
05550395879 18715
05386216347 19003
05323925239 19331
05596103307 19409
05592849369 20248
05394717890 20278
05531491625 20574
05554252449 20980
05548102885 21097
05300498816 21374
05520189887 21625
05468736558 21646
05397691848 21746
05011079876 21814
05406703109 22487
05335843846 22536
05395120853 22793
05409961252 24423
05489617301 24481
05429958012 25329
05456510831 25346
05428673436 25709
05377201980 25973
05317331416 26605
05068259248 26798
05472886936 27012
05618934251 27451
05478498574 27923
05531796543 28058
05363614726 28083
05532480321 28267
05393674474 28545
05479824392 29054
05522972979 29147
05412096683 29798
05423028470 29819
05389122717 29944
05371227042 30029
05382318559 30269
05599423371 30458
05364026105 30591
05513183813 30605
05329802016 30674
05614476220 30812
05556037263 31433
05488716724 32095
05420398898 32331
05394428203 32369
05409219519 32447
05360178031 32962
05479033840 32983
05328548561 33908
05308531537 34295
05551304174 35423
05446424101 35506
05407214198 35551
05426376876 35817
05323606298 36260
05392278915 36403
05069250776 36478
05054397944 36573
05439794412 36575
05475361294 36851
05539189911 37446
05435289834 38074
05487117235 38300
05525289544 38618
05372317571 38814
05464768909 39099
05309731894 39141
05357901183 39693
05498387147 40216
05384701730 40235
05516395893 40418
05487257009 40557
05337426670 40845
05314244820 40855
05440836438 41230
05060424791 41478
05529460903 41552
05488710997 41679
05401175169 41693
05551232386 41858
05465115424 42177
05059039503 42347
05512682606 42442
05498802807 42492
05539409655 42759
05476076799 42929
05518640677 43337
05533747362 43364
05056462281 43786
05433900018 44011
05063564799 44052
05518065926 44113
05309438394 44365
05063007859 44497
05324235406 44550
05559855266 44861
05452383915 45274
05436527175 45411
05302004534 45457
05442612361 45508
05617939138 46128
05011365340 46357
05322857914 46754
05545580990 46794
05071030064 47189
05394398382 47253
05465251353 47910
05070964606 47960
05543100786 48137
05421720056 48338
05612198935 48346
05533178784 49039
05352220232 49390
05544629917 49509
05330427146 49603
05339439142 49958
05416005071 50039
05071276641 50045
05393266262 50161
05610498727 50574
05554806953 51569
05549640107 51757
05475066713 51883
05438302650 52622
05306583681 52815
05476022525 53559
05342333582 53677
05335584999 53731
05362230908 54027
05559912123 54313
05447734112 54452
05347717304 54869
05468338872 54968
05441825597 55797
05484467258 56473
05334836695 56736
05480089193 56801
05328056632 56885
05332385372 57204
05476973609 57572
05331827436 57641
05616389760 57894
05303159072 58645
05460659974 58695
05362503355 58915
05441251599 59080
05399169368 59326
05052752283 59686
05374679299 59800
05348109878 60111
05399409108 60203
05373209982 60903
05373178040 61067
05322694490 61228
05455527867 61238
05490659143 61318
05064495306 61744
05442264784 62996
05404838847 63065
05532996737 63423
05066241710 63557
05329662862 63656
05350702719 64431
05374948831 64956
05324900459 65026
05426253995 65201
05399213857 65449
05526250581 66190
05610397395 66401
05447791433 66748
05497721705 67676
05329762585 68260
05455985551 68286
05343421705 69500
05312606965 70014
05499867869 70035
05474473378 70133
05466998230 70210
05519607768 70573
05410543544 70723
05435443642 70727
05065183934 71090
05303413101 71211
05073541279 71819
05512143697 71857
05359204038 71880
05436178517 72277
05302450456 72422
05492481178 72460
05318385636 72500
05315390210 72672
05381261965 72698
05062994689 73273
05554383058 73694
05359792219 74072
05498003311 74208
05594422987 74319
05530597076 74381
05594326461 74621
05452684975 74636
05449550172 75519
05511440438 75728
05479596846 75816
05334010388 76182
05616615970 76237
05481449836 77042
05371714022 77358
05335045506 77981
05433599697 78383
05591481785 78730
05619855762 78907
05451449354 78949
05492186962 79382
05409826976 79720
05481152535 79822
05536480469 80066
05474235722 80379
05407180784 80830
05550020415 80855
05474349107 81649
05422948032 82365
05444191007 82975
05339857778 83046
05468580131 83124
05358380310 83435
05511048809 83652
05423985135 83693
05361134622 84823
05548680549 84888
05494344103 84895
05400345716 86575
05516946215 87065
05367340419 87159
05415775765 87291
05353357449 87637
05333514489 87965
05410842037 88892
05613256057 89583
05442100295 89687
05618338545 89856
05479049930 90074
05538427176 90120
05522268151 90332
05474518234 90374
05556296304 90580
05325656058 90772
05485013100 90874
05402182974 90977
05492625713 91035
05461803785 91417
05497915644 91637
05488980908 92680
05442871553 93150
05377503029 93286
05333369832 93495
05352228334 93576
05446941653 93704
05073427870 93939
05545210815 94577
05067737996 95095
05489851519 95312
05064197721 95402
05422439663 95679
05446118259 95908
05054735351 96203
05473535174 96205
05396415636 96649
05301056217 97049
05323478287 97145
05468293608 97258
05378702399 97810
05482905514 98583
05514827852 98589
05383195624 98609
05370512897 99490
05469716387 99854
05510876329 100329
05313636597 100571
05494489488 100902
05375593402 100921
05611619740 101493
05543436548 101503
05444879295 101518
05517520801 101817
05393507402 101831
05466516233 101859
05521909672 102073
05065848513 102426
05531605128 102748
05524665756 103252
05596737844 103888
05018077165 104932
05011182429 104966
05390697079 105364
05559425660 105836
05331508151 106116
05527863308 106168
05355167937 106251
05590459850 106788
05074696459 107022
05552113484 107281
05425314398 107396
05496587865 108188
05302481147 108249
05492531911 108377
05489628887 108470
05513150937 108510
05482262540 108678
05014072889 108956
05559407289 109348
05406079245 110468
05456324346 110662
05012036080 111284
05415600050 111388
05525039049 112536
05322355439 112678
05398674375 113454
05435398287 114590
05407581877 114901
05558793104 114978
05556371076 115102
05495839501 115405
05303071679 115490
05432653211 115768
05529046198 116286
05493427502 116375
05408957283 116677
05383825689 116760
05478554008 117346
05328782374 117393
05317648831 117758
05594611735 119670
05472227885 119808
05075613695 119945
05371406520 120100
05354304949 120380
05550467067 120516
05537593869 120702
05545624342 120830
05328438833 121073
05617453684 121222
05428035914 122006
05546242082 122037
05435874252 122103
05392339329 122816
05478285250 122939
05398534330 123663
05078927266 123706
05519878413 123772
05541020855 123962
05056395416 123987
05322849358 124423
05520408002 124758
05320575403 125095
05377351504 125160
05061621073 125795
05519544467 126479
05439063168 126590
05597447183 126830
05611420086 127554
05013167728 127610
05511246203 128010
05310599511 128026
05431484829 128039
05443940294 128235
05077271733 129091
05380732958 129601
05303477569 130351
05521140018 130551
05345221731 130899
05543013155 131306
05356780736 131776
05527652187 132161
05482687728 132381
05343294338 132975
05432157523 133053
05346537542 133070
05326681393 133322
05016387143 133816
05480059732 134418
05597461067 134677
05316073707 134868
05599349815 134885
05368296268 135550
05539385196 135779
05468948675 136011
05349862701 136126
05311835580 136218
05450082164 136561
05610642314 136577
05536493875 136713
05373540750 137558
05410350141 138588
05456599942 138845
05388285907 139070
05073550149 139736
05321457514 139866
05618532166 140419
05052200666 140735
05492976467 140879
05485613157 141476
05510899808 141720
05520287669 141807
05422067037 142006
05068361676 142858
05593659371 143073
05320205997 143084
05541656205 143374
05455347196 143383
05390920089 144727
05439716180 144972
05476100367 145273
05341344776 145504
05369179739 146669
05399569127 147726
05379964864 147742
05313455615 148863
05067312348 151328
05545072979 151503
05320941579 151933
05455063418 151988
05420208961 152061
05599978569 152123
05465787984 152140
05391646393 152943
05558004116 153925
05054144021 154052
05414402105 154054
05594610720 154063
05061902402 154222
05344033037 154673
05497045290 154912
05329357967 154956
05375739329 155370
05310670913 155510
05326958562 155579
05482525461 155938
05523642593 155987
05532321232 156113
05360432350 156377
05351559587 156588
05412744078 157114
05011864756 157328
05417470268 157676
05488647243 158023
05475970348 158312
05515712897 158512
05490294707 158646
05447885568 159317
05346672553 159538
05072514932 159716
05464175367 159987
05436384247 160126
05616884208 160183
05065651759 160286
05363319425 160298
05073575014 161786
05467174658 161940
05419310730 162277
05593309162 162448
05322254670 162866
05383370185 163122
05424448924 163173
05465503159 163956
05074932280 164196
05469892916 164384
05406006435 165048
05304609792 165303
05354642196 165384
05417068719 165468
05392131250 165849
05452191964 165891
05063631147 166023
05313614945 166478
05375747610 166740
05304395183 167319
05516386529 167330
05334443878 167476
05455655237 167715
05361118175 168827
05378458378 169032
05386148635 169130
05519035104 169547
05347242611 169880
05388777945 170481
05543727473 170679
05334896120 171930
05511604925 172119
05546017507 172379
05472869227 172557
05556935225 172693
05445833313 172940
05403842490 173215
05330345107 173416
05331319923 173456
05447259377 173996
05618966869 174351
05317089708 174473
05306560029 174590
05437790613 175308
05329659201 175705
05414571907 175742
05312540379 175820
05525404205 175884
05521107731 175893
05335573608 176279
05474148640 176681
05057945853 176742
05596363485 177399
05486443870 177470
05056288100 177669
05373518481 177871
05388556538 177947
05418526700 178273
05071568966 179127
05305825975 179301
05396418869 179347
05490110797 179838
05478289536 180358
05390345267 181064
05488404942 181322
05353684564 182080
05067359154 182292
05334211612 182334
05013834059 182558
05462711361 183038
05427968168 183388
05318539652 183513
05477738722 183845
05598529232 184825
05599302105 185509
05520059364 185518
05559739911 185775
05385584883 185979
05365641438 186344
05327791783 186677
05376125287 186700
05016499843 186899
05512542557 187233
05011828545 187569
05388524519 187656
05527579931 187971
05419155993 188289
05385692640 188785
05356807945 188946
05493189037 189249
05548371919 189391
05384476083 189443
05066250601 189934
05458955781 189992
05493970033 190231
05544287434 190678
05441349860 190834
05558209594 191186
05470460182 191349
05479011950 192024
05481637782 192036
05404834474 192056
05375755048 192562
05531229553 192609
05395262510 193301
05372512446 193559
05310615515 193651
05417995318 193959
05057157671 193983
05522011002 194007
05302982505 194212
05346725549 194498
05547595952 194694
05063669577 195022
05423698901 195041
05351341390 195579
05385149373 196175
05420265235 196925
05360301516 196945
05557329074 197040
05450331526 198201
05304401967 198705
05331476011 198991
05559791791 199597
05064146476 200137
05472302748 200590
05466145328 200709
05315689605 201203
05517181966 201316
05383783766 201412
05484535633 201830
05425694381 202552
05324603894 202616
05348801596 202875
05397755165 204355
05058170479 204582
05400706130 204682
05051118532 205045
05431579901 205097
05513088504 205281
05511397455 205562
05479440163 206284
05613675377 206325
05483777642 206449
05513456118 206478
05077724742 206555
05442191369 207439
05420047904 208307
05425695844 209293
05482966134 209534
05510400502 209728
05057651962 209836
05318323977 210195
05010926753 210347
05373161195 210534
05414811787 210929
05364732951 211447
05481712924 211682
05303961351 212131
05493469017 212613
05010313969 212758
05493953288 212912
05559410719 212963
05063036825 213101
05344622634 213440
05420009125 213695
05072338317 213976
05595925945 214363
05317945586 214429
05345520728 214793
05395301740 215163
05337318346 215262
05459805828 215491
05056687668 216203
05319867273 216669
05342535567 216760
05598958665 216961
05339652325 217758
05340982287 218450
05430304948 218466
05300293809 218599
05445568896 218693
05402407398 219611
05010665619 220097
05418631788 220473
05465630078 220781
05558227538 221207
05433036775 221741
05597582213 221880
05303373736 222047
05333059925 222466
05317348151 223049
05534886676 223234
05306393922 223496
05079676669 223574
05339527866 223746
05464994425 223838
05432655377 223878
05516930104 224364
05012462568 224646
05304646456 225305
05498351090 225316
05545002169 227070
05316234398 227098
05426571871 227211
05485558610 227508
05310362880 227784
05013277091 227924
05402509256 228062
05432173805 228784
05440128942 228807
05387739821 228838
05472595975 228975
05480421552 229341
05594107860 229493
05301485403 229504
05390206948 229602
05056476417 229738
05456734499 229967
05482295971 230414
05599204619 230600
05320096902 231500
05311275019 231885
05066505125 231999
05313875813 232172
05415246391 232362
05485900303 232446
05357057566 232601
05326779704 233037
05441536996 233123
05499629266 233656
05016875592 234283
05480903817 234576
05355033299 235230
05050759944 235793
05075994452 235795
05417969987 236419
05078333228 236956
05372417682 237120
05464243726 237162
05354175325 237333
05058542721 237719
05302881218 237741
05061755763 238469
05321017167 238726
05362916929 239392
05442642302 239804
05520070797 239929
05488657297 239971
05348834908 240135
05419454503 240399
05434322585 240831
05511746120 241048
05345127770 241409
05434028913 241728
05421508889 242001
05522455785 242065
05428985205 242207
05346307638 242703
05014755654 242735
05460258500 242834
05457420844 242950
05610358209 243002
05452659443 243029
05441625386 243137
05393768123 244427
05516514631 244785
05553947858 245478
05016002866 245565
05522942769 245733
05513822068 245932
05459067259 246707
05341548737 247235
05411192668 247553
05530181795 247854
05525020421 247879
05015672239 248177
05067321400 248364
05386888786 248394
05384742208 248457
05050030741 248710
05415082762 249308
05475722146 249498
05518659958 249679
05427358319 249754
05596616566 250361
05517570835 250505
05341150317 250719
05599799834 250902
05069893455 251522
05052331249 251537
05524739865 251576
05325020549 251747
05495569358 251754
05550802543 252766
05051939005 253295
05402969139 254230
05380142494 254831
05617807867 254963
05388274103 255405
05331646830 256418
05557200190 256435
05441856350 256756
05318390934 256931
05396412362 258143
05482064741 258258
05545268932 258335
05019368428 258984
05400303508 259455
05074655759 259664
05077280191 259750
05474219268 259874
05401978802 259886
05325265807 259918
05336586191 260336
05389555745 260385
05482420221 260433
05076118159 260655
05478275530 260689
05527198310 261233
05068692651 261525
05413984917 262013
05361135215 262079
05068711363 262422
05445181096 262555
05405015355 263161
05015355984 263164
05456555821 263452
05336399472 263575
05520709508 263753
05416610521 263896
05491414533 264174
05368948443 264576
05016138343 264987
05347620797 265041
05456493662 265349
05320311342 265630
05593262213 266149
05529239027 266735
05331125098 266915
05510767692 266980
05420051073 267677
05306681742 267840
05380291618 268079
05346799952 268221
05487566452 268707
05417982917 269030
05497857965 269159
05611884614 269593
05353305091 269969
05325898717 270353
05537992175 270760
05615779681 271044
05369357406 271937
05478465069 272005
05050536634 272131
05053663457 272133
05366345747 272135
05486612173 272429
05439205771 272710
05496770742 272944
05480047188 273011
05310343499 273205
05390253064 273319
05386057152 273354
05414609437 273848
05347106002 274027
05404782025 275556
05558561405 275927
05076548589 275941
05513475307 276208
05492676679 277682
05053081571 277862
05308157127 277864
05534719511 277927
05435688688 278191
05443537960 278329
05480298931 278559
05074168390 278731
05408191160 278817
05536864507 280041
05016418245 280063
05478859944 280302
05353398361 280543
05051051242 280569
05016432061 280761
05410111647 281075
05595674157 281662
05482685137 281699
05014575214 281961
05464179416 282639
05499758332 282670
05058351989 282777
05516018371 283182
05517646982 283390
05430735748 283824
05054283828 283887
05428382858 283889
05379983523 283973
05452923399 284031
05439340866 284134
05618813450 284163
05594058974 284515
05332621995 284835
05335931935 285371
05065252053 286052
05325518877 286060
05434600195 286134
05386941315 286242
05310850262 286261
05592948397 286673
05450203448 286954
05516213629 287296
05559121326 287312
05348714902 287466
05391395804 287813
05554904641 287844
05387867266 287918
05559643350 288334
05357988665 288412
05329465580 288678
05413985226 289157
05314535999 290485
05057179263 290526
05599369088 290725
05359369339 290743
05379403906 290956
05472362710 291489
05017744535 291615
05490498596 291962
05543486080 292043
05617416055 292233
05526888567 292778
05514096196 292879
05488830518 293081
05593933073 293207
05533694909 293326
05531752590 293676
05616347874 293784
05533403640 293900
05499089721 293919
05449748883 294049
05067948903 294259
05065870832 294940
05383829494 295908
05050135197 296002
05013519745 296004
05615875963 296431
05384508402 296666
05349019787 296812
05407464597 298656
05427583408 300006
05054382292 300188
05438229258 300190
05524812366 300376
05452127386 300572
05313153130 300662
05356228053 300745
05396956670 300753
05078807396 301509
05349189064 301714
05303581894 301770
05618403981 301979
05408871737 302068
05387315806 302303
05330698661 302318
05317091849 303235
05488026418 303307
05360663668 303855
05359664271 303988
05468930136 304275
05336273179 304304
05424120671 304556
05559461954 304762
05517840370 304898
05616362874 305157
05535819414 305448
05066561821 305816
05360987229 306023
05316792788 306107
05416575082 306793
05521359299 307082
05546011823 307124
05387333567 307641
05011564171 307680
05598973977 308108
05070337701 308221
05420697639 309209
05380896666 309371
05543463515 309393
05430695026 309688
05375354598 309709
05484758633 309787
05497828062 310497
05352698106 310757
05372922048 311468
05443982892 312036
05590520766 312066
05341934828 312225
05462670281 312236
05447289708 312626
05618061345 313128
05404919103 313302
05348268064 313378
05071076789 313595
05411053979 313992
05397983173 313997
05058658554 314178
05368478056 314440
05435707741 315119
05055478266 315176
05547826687 315178
05364312676 315278
05378942178 317444
05311460440 317581
05536052609 318244
05338857603 319102
05077691124 319121
05598109343 319378
05434986260 319634
05511050631 320296
05063180587 320301
05475651348 320956
05436067463 321080
05402788150 321419
05354261064 321769
05445428976 321958
05593451881 322642
05415696325 322872
05360554368 323200
05543688879 323204
05335850333 323342
05332066975 323651
05432979416 323688
05416564805 323806
05473010316 323829
05018958859 324495
05371147123 325357
05485153222 326009
05352382673 326813
05482689866 326852
05433186399 326994
05380153194 327386
05340748495 327638
05054086194 327778
05408619406 327780
05050229476 327927
05308551717 328012
05360330737 328026
05364042185 328432
05470143256 329204
05067410370 329417
05440773459 329427
05395151847 329692
05590178357 329910
05366658033 329984
05013128071 329996
05450526017 330304
05551854169 330451
05417120760 330542
05471113866 330578
05494370864 331623
05318731979 332835
05308575835 333000
05050146584 333417
05014658422 333419
05058274767 333518
05551336228 333580
05391013640 333662
05358409586 334649
05416278540 334709
05412638347 334828
05467111783 335431
05394343007 335630
05383229511 335675
05337408989 336204
05557131593 336401
05510821109 336512
05302829222 336692
05414569867 337433
05309010514 338789
05395535952 338832
05596469709 338986
05323722052 339227
05459532617 339317
05524084076 339529
05357512300 339718
05546512543 340099
05418580676 340631
05300749667 340866
05421376692 341048
05493874742 341760
05317616416 342002
05522049767 343291
05356227380 343457
05422530692 343638
05010183293 344125
05305738750 344650
05537125909 344766
05369540347 345084
05387993468 345391
05431168901 345462
05612968133 345573
05070702902 345701
05522805676 345984
05379770420 346240
05301770434 347497
05435511469 347783
05364406871 348053
05611948422 348863
05618145387 349015
05610994059 349353
05307277364 349396
05539554996 349714
05334707357 350374
05443693038 351004
05320360859 351578
05497669073 351599
05521520609 351620
05051344616 351803
05410462075 351851
05012914503 352946
05524051878 352974
05438862724 353057
05528170029 353074
05617395949 353264
05398651785 353395
05537787454 353460
05397545776 353652
05448601790 353772
05054466184 354324
05446618457 354326
05070173938 354391
05469939541 354715
05540308231 355044
05550671191 355299
05540116651 355849
05494029053 356138
05372537989 356146
05305576414 356361
05462007982 356670
05558118458 356820
05011357516 356837
05442242334 357470
05325727180 357626
05595393840 358387
05547141144 358466
05433840353 358665
05344363957 359541
05522405722 359712
05475357783 360631
05327205628 360680
05488949773 361138
05075993837 361466
05332804176 361590
05599580414 362332
05051451344 362345
05436778374 362684
05342176004 362703
05368592926 362907
05519853201 362939
05339346945 363203
05528318673 363377
05517587340 363895
05525869878 364070
05466861864 364398
05012202075 364949
05018022585 364987
05069463905 365215
05540252060 366080
05408881881 366147
05364506621 366299
05415399391 366351
05454981671 367531
05559234547 367580
05363912672 368046
05426715174 368759
05454420206 368770
05079845381 369042
05457696996 369105
05308741339 369467
05388445060 369595
05351322422 369991
05051470227 370435
05417687392 370842
05350270640 371213
05019760734 371309
05435163484 371426
05549617993 371503
05590105823 371848
05328034706 372162
05541820604 372462
05411125012 372587
05616030020 372742
05407392802 372853
05480461049 373228
05016906329 373544
05395585567 373565
05369839295 374046
05431148168 374537
05595946981 374781
05370029788 374919
05079760326 375818
05526750395 376412
05348442428 376808
05310914881 377070
05328811704 377519
05610322332 377550
05325011465 378462
05410970519 378522
05055645853 378944
05558230201 378969
05611991608 378992
05050600405 379098
05060040551 379100
05519331067 379107
05594829183 379149
05430754543 379447
05300626008 379473
05441787597 379787
05458827958 379934
05360422337 380313
05591823508 380350
05346765002 380421
05062974739 380568
05456554992 380926
05050073219 381647
05544642033 381839
05381295507 381903
05068820208 382163
05378548316 382639
05463985586 382673
05550747727 382743
05305552702 382922
05552702841 382925
05052020960 384005
05529285063 385988
05473430938 386063
05305305466 386158
05305466181 386161
05466181722 386164
05482850546 386648
05462786410 386655
05598588624 386870
05488454817 387009
05524668497 387600
05544663545 387764
05483566334 387901
05484026354 388160
05449182019 388590
05615830011 388748
05595928543 389241
05060716765 389291
05524544700 389327
05408210532 389496
05328131130 389503
05056925069 389795
05546784844 390134
05524008931 390599
05590030658 390650
05425499623 390867
05317247738 391117
05491508796 391279
05546193147 391607
05017972262 392007
05467169963 392404
05369398083 392656
05558309278 392688
05347432674 392715
05436987385 393046
05530020490 393084
05433051464 393743
05514626087 393829
05612121831 393884
05307736118 394046
05363741086 394300
05536111440 394850
05498735967 395354
05407629514 395884
05594411753 396461
05360442715 397062
05471307174 397347
05556946006 397516
05540667349 397699
05458697118 398646
05596064373 398899
05546123114 399064
05533641222 399157
05536355452 399402
05461152180 399915
05617578193 400930
05353709033 401247
05558124569 401267
05302464346 401539
05391840976 401705
05430918120 401752
05545863957 402049
05314210556 402517
05306545277 402633
05423681933 402919
05494798769 403117
05350883461 403233
05516551331 403542
05439540140 403604
05471921648 404863
05534741620 404968
05556683808 404978
05334468987 405058
05542571189 405800
05616065916 406009
05416826582 406156
05371881484 406420
05422096598 406622
05594842048 406717
05075986936 406851
05556346661 406927
05435837622 407120
05464980750 407213
05462881003 407294
05300004735 407462
05413539212 407920
05334664669 408181
05612301144 408300
05463352336 408812
05446876357 408832
05434616515 409168
05489128224 409302
05552990599 409593
05324441453 409776
05413831939 410369
05016614853 410953
05053612627 411085
05361262742 411087
05312092927 412058
05436545267 412846
05348853261 413378
05535364287 413576
05524374968 413636
05427368669 413730
05495301992 414297
05547789372 415404
05337106958 415549
05437681721 415616
05408832422 415878
05010277261 416751
05332792138 416779
05351627431 416805
05538954028 417051
05439172831 417558
05056380900 417575
05303253225 418200
05434676268 418695
05439739686 419528
05493923274 419548
05302073905 419761
05595811915 419770
05485676173 419973
05517328675 419986
05435743080 420095
05615594652 420105
05349890788 420456
05439538874 420518
05390085525 420548
05068310046 420647
05341318667 421841
05331304764 422254
05595549641 422809
05614533906 422945
05344217730 423018
05407205479 423077
05479884795 423083
05382514934 423367
05339504502 423558
05389261099 423701
05305793860 424293
05426893173 424343
05394727057 424662
05355158562 424738
05543625701 425173
05595772792 425559
05424270513 425642
05497761651 426621
05333061674 426677
05359526390 427004
05331614307 427393
05465164829 427404
05311569656 428669
05343092698 429009
05013849665 430009
05482289866 430082
05304873539 430724
05556029980 431216
05615646163 431563
05474085836 433105
05402921183 433200
05343893796 433542
05342271641 433873
05480417413 434010
05355472784 434103
05070175592 434317
05498861065 434665
05479261619 434796
05059305672 434867
05613152125 435270
05345312096 435421
05411002627 435720
05597069505 435761
05015123393 435775
05384606767 436104
05426246339 436273
05612800134 437137
05550317147 437390
05307103946 437679
05531953070 437695
05421510498 437731
05356595188 437896
05466916091 438161
05412514504 438495
05536677900 438544
05364792474 438817
05535159904 439799
05320057945 440114
05462362373 440233
05614824487 440329
05487349029 440352
05515441039 440389
05380086029 440709
05397159315 442138
05496684289 442720
05377931104 442927
05457214628 443164
05460955509 443830
05330459869 444068
05352116133 444344
05300957797 444575
05530110755 445030
05014962885 445065
05497219375 446007
05309674742 446041
05017307149 446308
05530088357 446972
05371031418 447705
05317682583 447736
05489782673 448434
05613032632 448695
05522665189 449018
05370077231 449497
05304731149 449516
05017343097 449785
05554193731 449811
05521562274 450006
05480546447 450459
05464477547 450463
05329286772 450774
05437275881 451352
05381190421 451444
05450016151 451739
05490367726 451813
05440897265 452582
05339479315 453219
05314800885 453313
05481596675 453716
05407169925 453985
05510164233 454066
05019712870 454298
05489798893 454525
05421655009 454554
05456527681 454875
05475878108 455089
05544129448 455157
05381928423 455251
05437309535 455301
05617369549 455535
05552447339 455801
05069852015 455917
05434363120 456446
05365957053 456561
05362244038 456569
05380209621 456626
05362838981 457673
05390186494 458030
05416725276 458222
05395490686 458468
05470472814 458807
05591770136 458862
05551146221 458898
05316930025 459688
05397200339 459744
05447487692 460163
05377224451 460280
05416566588 460295
05340142976 461196
05421291795 461967
05339134180 462706
05064429695 463140
05594735875 463567
05071688504 463681
05458124543 463747
05400549454 464287
05494545632 464291
05498488652 464320
05483568596 464408
05594255798 464727
05416096145 465088
05435018529 465814
05307411631 465976
05300835514 466338
05527026552 466874
05402484159 467313
05510897923 467665
05051922297 469196
05366136379 469453
05616789380 469688
05348522095 470036
05063460310 470306
05511599162 471400
05619740666 471673
05491619087 472114
05618498280 472445
05079107689 472613
05450732644 473217
05430749541 473360
05010525726 473596
05369457537 473660
05455246621 473791
05510837665 473807
05333597342 474192
05391520811 474365
05429443178 474381
05441298097 474599
05444148858 474700
05320824543 474717
05499045727 475148
05066251751 475939
05481727640 477713
05395995512 477957
05524668277 478239
05487167179 478296
05053664793 478460
05366479310 478462
05516535997 480406
05400720089 480944
05416619567 481189
05310940662 481220
05489185904 481730
05468098496 481945
05467249250 482493
05387980542 482530
05427443650 482537
05476696700 483068
05469132238 483899
05340933901 484673
05437548201 484727
05378983915 485527
05614103384 486207
05376609935 486414
05062084971 486457
05351460629 486549
05394353300 486629
05061335996 486641
05357765423 486861
05554561607 486953
05477860776 487321
05063703810 487887
05344704316 488184
05616245901 488310
05417634752 488346
05359574487 489426
05619845278 489612
05615181291 490737
05543023845 491072
05415782822 491491
05360938657 491616
05485679668 492392
05619432717 492573
05556897906 492604
05499614614 493441
05055641054 493492
05481485307 493500
05532068525 494110
05079665721 494278
05546024805 494515
05499094738 494555
05472219047 495107
05415034347 495179
05469837101 495269
05536725102 495375
05517178911 495693
05399922170 495944
05071241309 497630
05366017085 497940
05420128645 498117
05360578947 498277
05610781082 498852
05322319315 499420
05557608985 500484
05539178696 500702
05492381597 500985
05610491387 501070
05065145010 501654
05492401886 501664
05060271358 501800
05452052344 501840
05399124893 502372
05335584578 502394
05511402246 502654
05371772287 502722
05598813354 503691
05457345130 503798
05348937132 503836
05526949053 503858
05300388822 503866
05376111917 504410
05482754233 504608
05411184571 504646
05377574351 504917
05014130815 505071
05364620141 505164
05461422112 505298
05490945502 505351
05351282937 506247
05328169973 506663
05322255057 506738
05339467851 507311
05072752087 507614
05440342811 508346
05559239683 509051
05614807726 509062
05010993816 509345
05387176816 509424
05472533051 509819
05319509199 510332
05334392027 510749
05456900880 511074
05347037213 511091
05545549720 511108
05353010557 511118
05380660995 511137
05592494459 511371
05512410302 511476
05011170939 511945
05309640784 513072
05419288226 513482
05320277130 513737
05373858205 513919
05488953169 513928
05407942714 514498
05432277487 514610
05466118335 515370
05378089995 515400
05372836240 515496
05552066910 515856
05616254877 516093
05447792066 516135
05319817058 516732
05314833709 516985
05524832018 518822
05445912131 518836
05334911972 518939
05324935512 520384
05395004718 520913
05543587943 521329
05448295912 521367
05469970629 522578
05310545101 522918
05451019783 522922
05392311698 523598
05387963710 523647
05478683117 524190
05434784145 524350
05069769479 524496
05308268960 524579
05420475757 524992
05364492072 525528
05314474278 525699
05531997056 526021
05387250396 526107
05018103589 526227
05019206944 526686
05545175316 526701
05338719095 527144
05465345998 527410
05321421248 527575
05011823896 527625
05416318920 527775
05477942768 528512
05490775416 528556
05399253854 528870
05430230842 529244
05477455123 529270
05613510337 529395
05326595490 529755
05349031050 529980
05077614255 529988
05454695532 530208
05079089218 530255
05486629594 530347
05541570293 530371
05373830608 530586
05466374700 530798
05382347287 530995
05543628013 531724
05474622524 532300
05443116873 533332
05515151572 533689
05354859562 533829
05060381554 534076
05348229548 534620
05371526145 534756
05378791606 535023
05345840765 535164
05364654179 535259
05618360186 535370
05345718730 535945
05524986843 536035
05532462372 536149
05416072303 536479
05015841980 536507
05514229348 536678
05460354384 536951
05061118459 537542
05454272334 537564
05516063315 537749
05519361745 537853
05338975939 537897
05324340913 538006
05373441390 538399
05541787929 539120
05487332037 539199
05309066426 539739
05552416336 539788
05057272373 539983
05424226912 540098
05442795569 540443
05431422762 540472
05075868932 540542
05619905005 541372
05399624983 541808
05344360658 542038
05460494635 542536
05426533858 542587
05338954523 542804
05483370801 543479
05066807530 543736
05078516996 544030
05052785612 544276
05367165176 544633
05050968211 544732
05336621109 545033
05054359139 545394
05435913958 545396
05597645239 545654
05523669049 546293
05403829572 546317
05481562736 546701
05592913800 546921
05432687135 547045
05455040335 547242
05371480600 547696
05594241005 547737
05402342069 548444
05381875056 549064
05614044231 549072
05480906398 549352
05078535558 550181
05418059448 550808
05475128333 551281
05614721077 551577
05544006305 551722
05517162010 551731
05054819004 552032
05481900466 552034
05529957700 552492
05071295542 552600
05346366063 553066
05488540944 553151
05064921875 553833
05472536631 553848
05546765577 554377
05344250459 554567
05307201015 554808
05540181246 554966
05406358998 555009
05066917883 555028
05422274015 555132
05058633768 555154
05495280534 555288
05340999776 555295
05432574169 555413
05496374484 555630
05542074352 555703
05559775877 555754
05516651333 555917
05400658342 556107
05490105448 556205
05448365702 556211
05428171285 556486
05614901036 556695
05413422095 557434
05611241326 557698
05399437264 557894
05462079082 558337
05520528225 558437
05484562184 559121
05346402275 559184
05322131262 559199
05050991750 559394
05355818133 560496
05412032043 561653
05465949194 561838
05333286363 562088
05456168986 562183
05061504180 562529
05364750289 563061
05426179273 564174
05473285408 565168
05533962376 565711
05599647762 566252
05013928749 566647
05592644380 566671
05452419611 566787
05010759134 566800
05393723073 566921
05377197752 566968
05433740229 567873
05539160928 568617
05061025340 568732
05462058364 569341
05485437349 569513
05328716377 570091
05323779504 570318
05527182047 570529
05377094715 570754
05440275301 570969
05076310457 571029
05053940949 571230
05394094970 571232
05019382322 571431
05014653167 572018
05358964903 572785
05379226352 573840
05476721566 574107
05077658642 574330
05513976023 574355
05399843274 575366
05357907297 575425
05515090769 575872
05490729939 577271
05524059334 577548
05452680323 577665
05493846449 577950
05011322175 578143
05409536566 578663
05558586126 578767
05308289506 578839
05557155439 579274
05018587567 579416
05420089712 580212
05459985968 580680
05478495805 580982
05538506866 581137
05386857951 581986
05521824959 582048
05445156379 582078
05387057025 582339
05319122353 582454
05592167865 582570
05360437121 582658
05615092834 582743
05594865085 583333
05320545140 583561
05451408649 583565
05412914870 583668
05474005397 584169
05397291988 584175
05017456457 584611
05387174928 584636
05054893157 584740
05489315733 584742
05487618249 585188
05332369490 586286
05317567009 586622
05426171033 586825
05425352518 587590
05480070837 587956
05073400266 588291
05511448358 588402
05527191344 588795
05471674482 589133
05453689936 589605
05315120812 590147
05306822200 590167
05487398852 590305
05307799861 590379
05354836273 590481
05393896656 590546
05439522592 592164
05017692070 592511
05385708528 593040
05429840500 593404
05463805877 593614
05517993980 594236
05426820228 594883
05594143593 595143
05419839504 595871
05300277818 596355
05471878597 596842
05483535183 596911
05427980912 597694
05353143832 598288
05446419123 598385
05391400576 598540
05316793447 598626
05521750085 598643
05310414266 598927
05353800389 599760
05594646893 600314
05011129740 601090
05511440743 601126
05408322354 601334
05414437052 601467
05382780434 602518
05359323461 602968
05485101221 603730
05487968484 604044
05435911681 604557
05011000152 604960
05367376268 605345
05384973309 605562
05437997664 605958
05553564227 606062
05480763417 606414
05334292017 607193
05514597833 607870
05311824430 608330
05069723478 608364
05414540363 608553
05422721308 608891
05426424971 608962
05375874271 608985
05552327139 609352
05367424528 609404
05052392706 609781
05356029198 609924
05463813475 610529
05014221747 610632
05455408227 611005
05064374798 611033
05525247449 612116
05345960246 612445
05448430643 612467
05460583596 612771
05345953765 614579
05395999829 614666
05420961030 615238
05072612334 615628
05547425435 615817
05510087403 615957
05468272699 616578
05315530988 616662
05012175275 616792
05516867298 617191
05077801090 617390
05318244505 617585
05486151055 617594
05308194700 617769
05481456663 617779
05389733801 618600
05371677640 618713
05514993883 619224
05304896560 619369
05366646754 620332
05423285844 620496
05347743324 620712
05365302544 621840
05352795800 622118
05557861686 622346
05444955125 622413
05073720554 622515
05542332620 622522
05357566760 623149
05457712083 623230
05517498822 623860
05365362454 623939
05614870361 624163
05552752166 624564
05535338306 625141
05076073487 625705
05493677633 625856
05393707127 626491
05442682356 626549
05614838069 626689
05307182161 626771
05451724237 627752
05371386957 627949
05435003978 628839
05058631210 629045
05557246233 629275
05017819259 629652
05591598387 629794
05540277158 629997
05424284697 630221
05614220699 630309
05486458118 630764
05052555274 630930
05419470830 631181
05541887941 631685
05484515346 631783
05515763139 632303
05418231418 632432
05012020584 632636
05544078958 632864
05525365188 633177
05012609732 633297
05521056304 633531
05346968127 633707
05617669370 634783
05529545309 635160
05532535947 635355
05494068221 635679
05402685996 635710
05431189016 636486
05441256762 636671
05612703428 637119
05397189176 637247
05430705415 637610
05415874024 637616
05426232263 638517
05551398320 638821
05018093963 639107
05451089087 639475
05552325394 639673
05334480806 639701
05610315092 639874
05329770033 639887
05370561633 640174
05616337565 640178
05374323509 641165
05549238831 641963
05486394592 641975
05594272649 642393
05431860868 642407
05515013899 642547
05454073209 642565
05399019138 642753
05371847071 643067
05497226673 643100
05385422525 643177
05302772913 643233
05420632363 643342
05549817950 643565
05425649156 643750
05062857919 643893
05515453802 644119
05615130277 644668
05364882300 644923
05471825985 644965
05462524615 645743
05395466729 645754
05462333979 645868
05051021850 646937
05055648156 647056
05061321039 647102
05554323462 647226
05468450163 647265
05376362858 647346
05068753785 647521
05062509392 647861
05488851828 648082
05443448028 648137
05453101445 648190
05427489691 649143
05615485501 649354
05331463611 649730
05308169336 650176
05497717634 650597
05540902200 650973
05526595484 651038
05530808240 651239
05383703681 651701
05397748917 652089
05414239314 652169
05462150242 652601
05510160447 652722
05406628761 653457
05411965782 654171
05328505919 654275
05435873360 654459
05426927598 654808
05482580495 655865
05347720758 656099
05073040899 656202
05352345132 656584
05610964355 657176
05513323938 657301
05483520547 657351
05471581242 657358
05390805702 657749
05386994816 659011
05554577624 659227
05433755520 659764
05453538350 660621
05446081036 661173
05368580630 661221
05398018596 661359
05416994427 661670
05050774296 661896
05077429615 661898
05594222095 661918
05015959209 661974
05380933986 662857
05461815839 663968
05317825391 664390
05536587743 664564
05340681415 664815
05455511536 665227
05338201478 665965
05416054397 666489
05439705010 666494
05010448801 666500
05309768800 666558
05437122739 666900
05406631653 666915
05495568478 667096
05613147815 667123
05416301181 667135
05321283493 667382
05549341618 667540
05441636307 667814
05354188661 667890
05445026105 668203
05352773016 668212
05393013605 668265
05050427985 668321
05335283890 668356
05559478222 668621
05475853764 669106
05594659185 669600
05544797376 670267
05473363126 670583
05426861602 670621
05366984484 670721
05069630296 670741
05315937709 670805
05384504499 670842
05471437060 670959
05418075391 671010
05017140232 671171
05493778751 671404
05510287761 672088
05476295128 672193
05555510253 672227
05074988773 672743
05437291613 672889
05373231269 673154
05433437462 673177
05414564064 673439
05486684875 674247
05597284847 674759
05016338135 674855
05537041739 674987
05307357451 675130
05338205305 675390
05305121911 675396
05467265326 676212
05079351426 676495
05467402549 676770
05059961842 676822
05405005054 676850
05054389956 676856
05438995622 676858
05557698159 677356
05054096856 677503
05409685661 677505
05334626141 677810
05526607269 678620
05315091862 679080
05404826776 679174
05467839238 679232
05327952496 679529
05499052982 679934
05307455647 680494
05540243235 680546
05511708300 681471
05053470947 681967
05347094758 681969
05452988391 681990
05450969089 682025
05363199942 683677
05458252874 683937
05474014024 685404
05017737334 685722
05360037631 685898
05076123526 686028
05308578466 686172
05371033031 686248
05458809476 686300
05377559735 686367
05483248433 686489
05467570912 686551
05320520059 686715
05315303224 687177
05352218797 687214
05485964528 687621
05341164347 687648
05463657282 687877
05305211587 689413
05592738375 689424
05320858360 689554
05313355153 689640
05342809230 689988
05397979633 690105
05319067907 690126
05486838741 690181
05498946693 690872
05437297844 691312
05367466292 692839
05078224066 692883
05429387061 693586
05071600536 693899
05368280281 693906
05437261524 694251
05463474924 694456
05349546832 694919
05344514715 695374
05519804652 695506
05545484991 695521
05394966914 695552
05476793293 696447
05455558926 696725
05316728342 696922
05552087494 696935
05055797300 697038
05062115379 697124
05555168166 697309
05544579737 697440
05368485245 698016
05386194266 698994
05452872155 699181
05355767274 699656
05075709204 699715
05010007507 700273
05362646324 700516
05373359195 700696
05591282796 700800
05074195114 700917
05019550272 701630
05611763820 702182
05305407209 702353
05407209797 702356
05011398898 702390
05305585474 702838
05424198755 702989
05068101450 703395
05544400083 703405
05451516922 703972
05405882514 704046
05598392797 704517
05363394075 704730
05340310983 705555
05513453336 705781
05410970553 706597
05539810551 706604
05511858777 706611
05015257888 706713
05556143047 708237
05331437574 708254
05453176264 708381
05304361222 708877
05335536854 709104
05558099188 709731
05554336977 709794
05610170205 710732
05324844490 710741
05416988262 711354
05445817711 711369
05520123581 711567
05392197981 711683
05549156410 711914
05484614980 712559
05385455639 712705
05431635846 712746
05327556795 712848
05448388703 712905
05437305246 713185
05613572201 713238
05475364168 713471
05492141711 713794
05353141218 714233
05336794395 714322
05468567913 714474
05010706610 714658
05350968235 714797
05014741143 714914
05613462769 715012
05068742888 715133
05468421478 715354
05062551572 715718
05397931646 716136
05473968595 716168
05532660245 716868
05481726175 717375
05425640895 717761
05064723514 717922
05493633210 718147
05340152384 718338
05366775084 719020
05364084940 720303
05417445562 720894
05597686097 722061
05474190778 722250
05368926840 722340
05065970239 723265
05613003845 723547
05389336911 723559
05513798037 723725
05076586416 724149
05370926710 724213
05304639269 724302
05367616450 724363
05052082382 724447
05014298466 724500
05312278972 725260
05351464492 725778
05418765847 725971
05462437938 726007
05050293510 726533
05440868306 727014
05353915532 727067
05303292488 727590
05307432234 727979
05321889186 728286
05399340793 729300
05372888096 729380
05390025938 729457
05065225027 729716
05423580935 729755
05543790415 729945
05325025449 730179
05441761522 730359
05370471402 730409
05322871978 731374
05365262390 731825
05511131583 731864
05371385675 732675
05416884305 733083
05513589758 733254
05334610298 733644
05468838305 733889
05448832642 734193
05363345356 734877
05511446946 735108
05468298589 736503
05346104236 736590
05422766039 736811
05071100803 737109
05339118055 737352
05549584851 737360
05496198375 737763
05334922080 737795
05618833910 738414
05488997794 738529
05482595539 738624
05349682200 738801
05534669423 738956
05612394339 739098
05052295130 739120
05515938607 739749
05380196080 740120
05531003676 740547
05465411111 740949
05442237631 741249
05415590210 741360
05490005436 741580
05436219621 741586
05077627624 742236
05350536951 742780
05369516383 742784
05305138681 742933
05315283142 743430
05372917737 743608
05394314796 744108
05409865242 744127
05050757001 744726
05075700116 744728
05552865567 745278
05422943187 745820
05492918095 745877
05393959301 746355
05016600245 746414
05593516523 746432
05511749493 746708
05062694894 746884
05418523948 746956
05469690840 747022
05463476654 747278
05544173152 747427
05446942831 747498
05529500413 747802
05540792696 748193
05016940257 748678
05060703040 748927
05065170116 748976
05425815704 749147
05529369512 750416
05437463152 750540
05598897628 750973
05366883589 751236
05054419314 751500
05441931400 751502
05428729230 751605
05380923445 751703
05309619663 752254
05377484863 752376
05528966271 752446
05433176866 752595
05552011876 752674
05525503315 752734
05052618418 752868
05481038832 752936
05398781167 753095
05348196605 753463
05394372643 753472
05435950477 754369
05516414408 754386
05371122682 754761
05482593748 754992
05370693964 755235
05455809843 755398
05322947319 755531
05359309749 755625
05069583299 755797
05402267078 755997
05303795404 756146
05466527579 756411
05549126661 756427
05463383094 756899
05555373044 757604
05348395503 757986
05371082546 758262
05062177250 759291
05369386056 759846
05403968475 760114
05381263785 760192
05315994726 760379
05369442807 760432
05462602686 760816
05523068822 761601
05619783478 762259
05611712803 762584
05590245069 762896
05310362339 763362
05446165010 763550
05312486844 763673
05060822201 764084
05592573907 765096
05616249952 765208
05373419963 765509
05391672186 765676
05055789826 765794
05312331820 765911
05388381579 766710
05345194366 767130
05314689632 767704
05335668958 767741
05381387122 768031
05499539314 769109
05472773946 769163
05325248703 769512
05389211681 769756
05331021001 770250
05357543698 770331
05459937055 771103
05598339963 771111
05524166101 771902
05596980722 772671
05072675781 772974
05539882285 773429
05619750057 773637
05449241765 773677
05401109024 774697
05515718249 774911
05402650609 775139
05548871442 775330
05379271265 775579
05327549657 775697
05361488981 776079
05303564175 776376
05346044803 776567
05449947511 776774
05375940431 776986
05059043213 777448
05617849167 777824
05459873385 778170
05486807868 778257
05499557209 778507
05328598517 778943
05325483876 779059
05353093665 779139
05479201785 779582
05397621418 779714
05519727588 780370
05324214732 780807
05479422077 781997
05366548948 782239
05076636124 782526
05017016364 782681
05379902901 783244
05482196018 783273
05372776290 784060
05487940730 784184
05309971413 784663
05542923017 784885
05450275524 785023
05402589664 785675
05341213744 785691
05012860183 786073
05371597766 786551
05335399309 786834
05456641042 787679
05374940891 787745
05489117122 787846
05513498245 788425
05334665408 789485
05076297036 789718
05372092053 789797
05365402970 789805
05384715805 790932
05420020815 792342
05615990049 792491
05375350086 792747
05539053368 792906
05336844479 792911
05355546195 793216
05346223085 793330
05056275443 793504
05415721686 794699
05383647524 795037
05384673526 795056
05538441867 795471
05425187122 795720
05510150451 796996
05300956901 797215
05016883811 797477
05066397206 798036
05374886648 798111
05422918469 798246
05347603330 798577
05615002339 798669
05077832346 799292
05364768085 799900
05616616081 800830
05599686237 801239
05529097240 802447
05436754730 802820
05054953912 802876
05495391291 802878
05452783485 803136
05055360859 803285
05536085921 803287
05320998452 803322
05075196263 803826
05057667238 804208
05419348027 804328
05054975038 804347
05497503863 804349
05431372420 804384
05329609505 804491
05319549445 804798
05454589643 804888
05307955186 806278
05431717287 806727
05611506266 806789
05011571212 806960
05458639292 807125
05554322799 807143
05396513134 807188
05072386153 807252
05370161104 807294
05530602752 807353
05610651455 807467
05619352281 807756
05417288191 807993
05421382403 808922
05317112041 809193
05489059858 809689
05441027555 809791
05463319115 809895
05395042819 810021
05437076685 810227
05324852331 810305
05318217748 810702
05370615705 810970
05336509986 810979
05436252144 811057
05458015241 811245
05458088526 811315
05367794958 811518
05539550361 811574
05611014711 811710
05332722219 811863
05071581918 812346
05377563884 812448
05454616142 812508
05017446678 813268
05614764919 813579
05365372001 813917
05399216184 813994
05016287163 814733
05537504438 815227
05338273451 815332
05010797985 815741
05408783699 816244
05553078665 817098
05515780805 817773
05486780271 818343
05491018377 818628
05068433161 818865
05490410696 819255
05490836101 820110
05359686783 820834
05449292069 820896
05376749037 821506
05438658097 821558
05382310430 821684
05511607383 822120
05435431204 822253
05554135850 823592
05488716098 823719
05390323056 823745
05420054934 823792
05493450599 823797
05485521963 824123
05053657575 824606
05365757571 824608
05428927151 825201
05050345095 825591
05619129316 825803
05424670138 825878
05558803666 826144
05054949268 826248
05494926820 826250
05617829728 826723
05528885699 826860
05373198039 827093
05618851848 828868
05591530914 828974
05379389709 828992
05468274638 829151
05389028154 829271
05618460596 829291
05011844820 829311
05467332451 830285
05486022460 830365
05426082179 830428
05332758773 831790
05017424394 831842
05305295293 832216
05324760066 832925
05385580490 833359
05355317484 833523
05394492793 833648
05545703305 833675
05469899924 833981
05320521818 834236
05532694801 834819
05413333978 835023
05437108464 835165
05307036852 836060
05619389560 836253
05594285875 836482
05517925178 836615
05324766455 836832
05488325796 836890
05303504355 837332
05468301470 837679
05405846357 837716
05381260580 838007
05554406637 838345
05064454708 838760
05323355847 839328
05326130028 839693
05434290778 839706
05453419829 839745
05410407217 839790
05474826484 839907
05314151452 841517
05402432113 841910
05424827117 843025
05053296553 844150
05329655306 844152
05332546516 844588
05334256683 845053
05436229722 845141
05460347589 845702
05493877642 846206
05598397842 846218
05429095989 846286
05519409027 846913
05367367800 847155
05364777283 847875
05350938561 848047
05315272702 848343
05387297952 848404
05556974289 848592
05440635688 848949
05592701928 849628
05532391360 849650
05052265542 850037
05511704451 850501
05497614642 851846
05307148525 852421
05375263596 853255
05326761335 853693
05010892559 853707
05332812556 853850
05305663931 853972
05466766121 855013
05363048789 855049
05390821226 855599
05419145120 856383
05377486614 856416
05301926455 856938
05422231030 857548
05059760688 857680
05073784579 858355
05345484390 861044
05514968071 861981
05072133181 863961
05323990348 864014
05374193767 864116
05524561758 864742
05312840615 864947
05356376028 865876
05529615541 866095
05518931225 867073
05392425113 867503
05337147173 867783
05510527995 867901
05412008468 867973
05556510026 868095
05322211811 868143
05528878640 868516
05419812250 869470
05466875325 870107
05323204787 870199
05076863648 870353
05378649688 870534
05496447338 870631
05453603816 871102
05068328095 871174
05302932752 872418
05521624370 872575
05432971996 872628
05066780738 872972
05362533240 872984
05312929409 873184
05015546639 873211
05497738537 873400
05349427919 873868
05345737540 874021
05546624424 874130
05350257938 874287
05344858762 874344
05072073787 874621
05617618522 875051
05403556229 875625
05455616938 875792
05409727242 876606
05348163709 876724
05381572799 876757
05317356462 876768
05534502207 876942
05590931555 876989
05065359257 877036
05319870623 877498
05558294689 878079
05532364021 878947
05435637970 879995
05387584471 880017
05538376157 881874
05520599626 882026
05531186581 882410
05476082023 882835
05312911014 882989
05552483777 883082
05400773921 883379
05345419625 883451
05441925395 883549
05055429841 883901
05542984102 883903
05310501400 884200
05014008101 884204
05431910303 884294
05073284856 884309
05401894347 884684
05556649244 884708
05338919829 884767
05075794821 884951
05429724928 885050
05061362459 885226
05491835880 885237
05459036378 886054
05458819146 886966
05399109284 887001
05305330341 887322
05330341184 887325
05382910466 888705
05392169962 889216
05412520401 889459
05545235487 889530
05301566405 890101
05385440144 890110
05060129899 890139
05016889846 890257
05071916924 890545
05442719803 890913
05537128993 891033
05347598662 891081
05377935752 891436
05528207062 891610
05319108290 891954
05511058527 892661
05527336174 893002
05068128838 893216
05615590651 893335
05449169124 893346
05344413253 894009
05475634461 894088
05341694665 894110
05523173246 894224
05078851861 894931
05312521009 894951
05477893800 895258
05342109840 895342
05498852289 895398
05013879646 895619
05519950731 896135
05617608574 899382
05315949520 899463
05440663928 899525
05595170062 899747
05443377891 899804
05472858980 900276
05343490529 900860
05073534967 902241
05478715022 902779
05323097836 903644
05540929961 903846
05442047692 903995
05527811498 904324
05014092363 904416
05062677609 904579
05420747504 905051
05449598498 905191
05391736338 905948
05596492052 906225
05066955160 906551
05387217627 906630
05359120022 906767
05312070766 906786
05473602276 907024
05520724757 907128
05370572032 907361
05409030946 908687
05300857739 908849
05388987044 909495
05543180001 909863
05491095799 910342
05549010438 910380
05064364098 910422
05065980285 910677
05072720176 910823
05309696810 911121
05596791096 911697
05547625380 911757
05485241475 912054
05375341542 912807
05533930579 912985
05050700474 913881
05070047452 913883
05615246751 914113
05553286105 915514
05327552078 915523
05399273865 916312
05551128507 916575
05338592009 916977
05528809809 917648
05614161150 917940
05420759825 918876
05448832262 919192
05617962381 919651
05058248080 919819
05447427697 919936
05556105277 920063
05435924118 920324
05321625058 920413
05079823678 920895
05434672138 920947
05059597581 921034
05372433545 921132
05370083298 921164
05057588112 921283
05540923472 921842
05052272527 923696
05549739779 924077
05449576450 925230
05473559113 925266
05529190782 925520
05358584909 925681
05596692954 926200
05533714162 927020
05342639820 927493
05050321379 927549
05615024443 927771
05010991022 927947
05419809407 928108
05444614356 928239
05055980718 928469
05598071884 928471
05454533185 928918
05463400533 929280
05330969611 929287
05413172816 929358
05559574054 929727
05449532558 929735
05427203445 929778
05372850013 931477
05426654820 931934
05495672699 932249
05428354880 932820
05474960967 933521
05434971089 933556
05317415608 933744
05011034159 933788
05472755741 934523
05476778743 934726
05446800392 934896
05331330832 935433
05063456598 935661
05590868446 936021
05538644724 936425
05487057390 936813
05375284504 937756
05538068424 937834
05051861579 938165
05493010940 938612
05537319742 938683
05334783044 939404
05529285775 939816
05377695544 939883
05400902332 939980
05484195253 940113
05613275865 940426
05331236365 941015
05539235733 942057
05591467580 942078
05463860837 942336
05338682391 942681
05352914195 942764
05426837419 942813
05466444249 943200
05430760555 943264
05555515711 943271
05499636942 943285
05512108392 943368
05351245708 943631
05074427741 943657
05454016919 943802
05327624363 944694
05313641343 944714
05060241093 944950
05338766380 945281
05328510725 945454
05443244311 945585
05059257279 945948
05440226754 946323
05486335172 946389
05490876812 946603
05482901810 947054
05079028998 947196
05013897837 948023
05068569837 948428
05521946218 948528
05352727068 948676
05429657310 949166
05486886145 949868
05402199912 950156
05466902068 950220
05356357962 950385
05473391376 950795
05374677709 951006
05547995076 951244
05464626038 952006
05482956247 952606
05496354914 952772
05481383567 952895
05394397529 953274
05438450373 953362
05337359237 953481
05424537483 953564
05068909107 954285
05322926910 954665
05524034346 954953
05304886666 955176
05380868351 955201
05423658795 955261
05072029104 955373
05019785351 955482
05428112836 955505
05052378520 955718
05434045787 956155
05521286862 956230
05307056843 956320
05392087735 957286
05557551524 957406
05525012632 957543
05316274760 957737
05339971298 957797
05061009379 958172
05361411449 958234
05447424945 958354
05317280921 958594
05492556117 958771
05324063517 959187
05432697873 959237
05362275872 959409
05400945927 960002
05346230932 960065
05406358691 960267
05487300853 960321
05407762504 960403
05535026657 960566
05354035663 960919
05341362149 960940
05513331653 961493
05539709828 961855
05555021936 962033
05521418294 962264
05496786544 962360
05591951169 962422
05409088076 962910
05077511943 964010
05409588341 964075
05462260845 964212
05324484465 964501
05329739125 965103
05548876102 965222
05335496913 965278
05018352485 965311
05335557033 965528
05619274468 966972
05528375912 967443
05376581449 967628
05413211134 968093
05495325200 968215
05320535415 968404
05354155732 968408
05515220249 968704
05314272823 968727
05056521820 968803
05421345799 968813
05402306216 968902
05016627792 969705
05529335804 969919
05549465807 970048
05428188054 970241
05403541989 970249
05327266024 970521
05300131336 970961
05512922100 971014
05079853683 971112
05308391361 971615
05408161138 971814
05337651555 972195
05319152122 972239
05371836351 972483
05475435803 972621
05414010395 973058
05619005267 973091
05517912575 973129
05417122077 973319
05472616543 973444
05337050263 973475
05074598247 973702
05532781022 973870
05376440989 973891
05444227000 974435
05062902524 974631
05434584684 975391
05441297268 975541
05542134187 976096
05450108721 976206
05535902446 976483
05332533469 976695
05342062042 977220
05018277089 977302
05436662794 977817
05490601360 977855
05417298995 977949
05483788277 977960
05400091705 978278
05011115471 978287
05300676835 978868
05374549580 979042
05468332913 979201
05385954465 979578
05591344969 980264
05318712019 980349
05339020402 980596
05385372657 981941
05550410409 982115
05066221884 982794
05616185379 983018
05318359914 983191
05011964574 983430
05066369587 983655
05072192268 984035
05617061019 984518
05345117073 984697
05448123808 984765
05451878520 985252
05514938227 985408
05361897413 985852
05392341387 985951
05443424383 986284
05437385700 986445
05619880308 986868
05486520877 986880
05011168124 986910
05077436077 987562
05528880059 987654
05306812955 988108
05314336670 988926
05062706669 989083
05598820047 989187
05527033476 989325
05440067802 989453
05420512420 990112
05618056428 991004
05050017472 991269
05066519849 991417
05534048866 991900
05526823075 991977
05528478634 992076
05071082295 992385
05369103110 992799
05450331730 992890
05323179303 993047
05052623316 993193
05416731603 993350
05435035444 993640
05465465631 993793
05014959888 993809
05329245955 994242
05370985061 994357
05397643894 994401
05318562649 994441
05496385341 994670
05611317386 995125
05368878222 995579
05487653084 995669
05355186868 996109
05353308074 996152
05374773561 996559
05512034780 996615
05528356047 996740
05434718461 997052
05413330313 997343
05479306935 997460
05416964960 997571
05552740990 997667
05061186490 998243
05354322921 998350
05496532937 998838
05324470805 998872
05065692942 998881
05074001393 999763
05555621805 999822